   8       0 sda 92376 1759 2494885 20983 571212 233060 9047932 268836 0 193869 289684
   8       1 sda1 57 0 5456 35 0 0 0 0 0 28 35
   8       2 sda2 55 0 5456 32 0 0 0 0 0 30 32
   8       3 sda3 39 0 2416 25 0 0 0 0 0 22 25
   8       4 sda4 54 0 5432 40 0 0 0 0 0 35 40
   8       5 sda5 346 1660 7393 267 1 0 1 0 0 53 267
   8       6 sda6 281 1 51314 154 19 3 176 8 0 129 162
   8       7 sda7 91448 98 2411834 20401 465494 233057 9047755 200210 0 126633 220480
   8      16 sdb 0 0 0 0 0 0 0 0 0 0 0
  11       0 sr0 0 0 0 0 0 0 0 0 0 0 0
 253       0 dm-0 1747 0 88194 631 130706 0 1046176 59453 0 58916 60084
 253       1 dm-1 88 0 4408 38 0 0 0 0 0 25 38
 253       2 dm-2 11637 0 673172 3069 24300 0 644051 32908 0 7439 35976
 253       3 dm-3 64028 0 1233658 14231 1261 0 10056 474 0 4109 14705
 253       4 dm-4 14023 0 407306 2479 544745 0 7347472 187896 0 124781 190384
 253       5 dm-5 55 0 2408 19 0 0 0 0 0 12 19
