   8       0 sda 113388 16626 5533561 45541 222068 868253 10605303 972868 0 82413 1018403
   8       1 sda1 162 0 12760 53 0 0 0 0 0 49 53
   8       2 sda2 119 0 7512 44 0 0 0 0 0 34 44
   8       3 sda3 103 0 4472 30 0 0 0 0 0 27 30
   8       4 sda4 147 0 9344 34 0 0 0 0 0 33 34
   8       5 sda5 458 1596 7401 306 2 0 2 0 0 49 306
   8       6 sda6 589 1 116186 322 23 10 264 6 0 232 328
   8       7 sda7 111640 15029 5367878 44715 190097 868243 10605037 948691 0 58858 993402
   8      16 sdb 0 0 0 0 0 0 0 0 0 0 0
  11       0 sr0 0 0 0 0 0 0 0 0 0 0 0
 253       0 dm-0 4628 0 117434 930 38793 0 310696 11308 0 6262 12238
 253       1 dm-1 17196 0 141272 6772 744194 0 5953552 94338743 0 7217 94361001
 253       2 dm-2 19351 0 1426016 20002 11410 0 304797 16457 0 9832 36461
 253       3 dm-3 75000 0 2876234 20173 3312 0 26456 1306 0 8288 21482
 253       4 dm-4 10725 0 792890 3673 261522 0 4009536 215508 0 56974 219183
 253       5 dm-5 53 0 2152 10 0 0 0 0 0 7 10
