   8       0 sda 84223 1755 2489799 22790 313580 176957 5590516 139593 0 93365 162316
   8       1 sda1 77 0 4376 37 0 0 0 0 0 29 37
   8       2 sda2 75 0 4376 39 0 0 0 0 0 29 39
   8       3 sda3 59 0 1336 15 0 0 0 0 0 12 15
   8       4 sda4 74 0 4352 34 0 0 0 0 0 30 34
   8       5 sda5 407 1611 6305 266 1 0 1 0 0 40 266
   8       6 sda6 287 2 46898 184 19 6 200 6 0 132 190
   8       7 sda7 83148 142 2417812 22197 266432 176951 5590315 105999 0 60697 128131
   8      16 sdb 0 0 0 0 0 0 0 0 0 0 0
  11       0 sr0 0 0 0 0 0 0 0 0 0 0 0
 253       0 dm-0 2371 0 107386 781 42237 0 337960 6259 0 5667 7040
 253       1 dm-1 100 0 4504 23 0 0 0 0 0 16 23
 253       2 dm-2 11073 0 642166 5248 16320 0 426691 20970 0 6023 26221
 253       3 dm-3 65049 0 1317314 15832 3681 0 29408 1248 0 4599 17080
 253       4 dm-4 5213 0 343586 1445 382576 0 4796256 121054 0 78055 122503
 253       5 dm-5 43 0 2072 17 0 0 0 0 0 8 17
